(kicad_pcb (version 20171130) (host pcbnew "(5.0.0-rc2-dev-301-g33f795be4)")

  (general
    (thickness 1.6)
    (drawings 34)
    (tracks 1301)
    (zones 0)
    (modules 27)
    (nets 43)
  )

  (page A4)
  (layers
    (0 F.Cu signal)
    (31 B.Cu signal)
    (32 B.Adhes user)
    (33 F.Adhes user)
    (34 B.Paste user)
    (35 F.Paste user)
    (36 B.SilkS user)
    (37 F.SilkS user)
    (38 B.Mask user)
    (39 F.Mask user)
    (40 Dwgs.User user)
    (41 Cmts.User user hide)
    (42 Eco1.User user)
    (43 Eco2.User user)
    (44 Edge.Cuts user)
    (45 Margin user)
    (46 B.CrtYd user)
    (47 F.CrtYd user)
    (48 B.Fab user)
    (49 F.Fab user)
  )

  (setup
    (last_trace_width 0.25)
    (trace_clearance 0.2)
    (zone_clearance 0.508)
    (zone_45_only no)
    (trace_min 0.2)
    (segment_width 0.2)
    (edge_width 0.2)
    (via_size 0.8)
    (via_drill 0.4)
    (via_min_size 0.4)
    (via_min_drill 0.3)
    (uvia_size 0.3)
    (uvia_drill 0.1)
    (uvias_allowed no)
    (uvia_min_size 0.2)
    (uvia_min_drill 0.1)
    (pcb_text_width 0.3)
    (pcb_text_size 1.5 1.5)
    (mod_edge_width 0.15)
    (mod_text_size 1 1)
    (mod_text_width 0.15)
    (pad_size 15 8.5)
    (pad_drill 0)
    (pad_to_mask_clearance 0.2)
    (aux_axis_origin 0 0)
    (visible_elements 7FFFFFFF)
    (pcbplotparams
      (layerselection 0x010fc_ffffffff)
      (usegerberextensions true)
      (usegerberattributes false)
      (usegerberadvancedattributes false)
      (creategerberjobfile false)
      (excludeedgelayer true)
      (linewidth 0.020000)
      (plotframeref false)
      (viasonmask false)
      (mode 1)
      (useauxorigin false)
      (hpglpennumber 1)
      (hpglpenspeed 20)
      (hpglpendiameter 0)
      (psnegative false)
      (psa4output false)
      (plotreference true)
      (plotvalue true)
      (plotinvisibletext false)
      (padsonsilk false)
      (subtractmaskfromsilk false)
      (outputformat 1)
      (mirror false)
      (drillshape 0)
      (scaleselection 1)
      (outputdirectory gerber/))
  )

  (net 0 "")
  (net 1 "Net-(U1-Pad7)")
  (net 2 "Net-(U1-Pad8)")
  (net 3 "Net-(U1-Pad25)")
  (net 4 /S3)
  (net 5 /S14)
  (net 6 /S9)
  (net 7 /S8)
  (net 8 /S13)
  (net 9 /S2)
  (net 10 /S7)
  (net 11 /S12)
  (net 12 /S1)
  (net 13 /S6)
  (net 14 /S11)
  (net 15 /S19)
  (net 16 GND)
  (net 17 /S15)
  (net 18 /S4)
  (net 19 "Net-(U2-Pad7)")
  (net 20 "Net-(U2-Pad8)")
  (net 21 /S5)
  (net 22 /S10)
  (net 23 VCC)
  (net 24 "Net-(U2-Pad25)")
  (net 25 /S17)
  (net 26 /S18)
  (net 27 /S20)
  (net 28 /S16)
  (net 29 /SWDIO)
  (net 30 /SWCLK)
  (net 31 /GND_BAT)
  (net 32 /S21)
  (net 33 "Net-(U2-Pad16)")
  (net 34 "Net-(U2-Pad10)")
  (net 35 "Net-(U1-Pad21)")
  (net 36 "Net-(U1-Pad27)")
  (net 37 "Net-(U2-Pad9)")
  (net 38 "Net-(U1-Pad28)")
  (net 39 "Net-(U2-Pad5)")
  (net 40 "Net-(U2-Pad6)")
  (net 41 "Net-(U1-Pad29)")
  (net 42 "Net-(U1-Pad30)")

  (net_class Default "This is the default net class."
    (clearance 0.2)
    (trace_width 0.25)
    (via_dia 0.8)
    (via_drill 0.4)
    (uvia_dia 0.3)
    (uvia_drill 0.1)
    (add_net /GND_BAT)
    (add_net /S1)
    (add_net /S10)
    (add_net /S11)
    (add_net /S12)
    (add_net /S13)
    (add_net /S14)
    (add_net /S15)
    (add_net /S16)
    (add_net /S17)
    (add_net /S18)
    (add_net /S19)
    (add_net /S2)
    (add_net /S20)
    (add_net /S21)
    (add_net /S3)
    (add_net /S4)
    (add_net /S5)
    (add_net /S6)
    (add_net /S7)
    (add_net /S8)
    (add_net /S9)
    (add_net /SWCLK)
    (add_net /SWDIO)
    (add_net GND)
    (add_net "Net-(U1-Pad21)")
    (add_net "Net-(U1-Pad25)")
    (add_net "Net-(U1-Pad27)")
    (add_net "Net-(U1-Pad28)")
    (add_net "Net-(U1-Pad29)")
    (add_net "Net-(U1-Pad30)")
    (add_net "Net-(U1-Pad7)")
    (add_net "Net-(U1-Pad8)")
    (add_net "Net-(U2-Pad10)")
    (add_net "Net-(U2-Pad16)")
    (add_net "Net-(U2-Pad25)")
    (add_net "Net-(U2-Pad5)")
    (add_net "Net-(U2-Pad6)")
    (add_net "Net-(U2-Pad7)")
    (add_net "Net-(U2-Pad8)")
    (add_net "Net-(U2-Pad9)")
    (add_net VCC)
  )

  (module cherry_cutout:cherry locked (layer F.Cu) (tedit 5ABD0BC1) (tstamp 5BA0C19D)
    (at 157.1625 116.68125)
    (descr CherryMX_Cutout)
    (tags CherryMX_Cutout)
    (path /5ABB99A6)
    (fp_text reference K21 (at 0 4.318) (layer B.SilkS)
      (effects (font (size 1 1) (thickness 0.2)) (justify mirror))
    )
    (fp_text value KEYSW (at 5.334 10.922) (layer B.SilkS) hide
      (effects (font (size 1.524 1.524) (thickness 0.3048)) (justify mirror))
    )
    (fp_line (start -9.00019 8.99987) (end 8.99983 8.99987) (layer F.CrtYd) (width 0.2))
    (fp_line (start 8.99983 8.99987) (end 8.99983 -9.00015) (layer F.CrtYd) (width 0.2))
    (fp_line (start -9.00019 8.99987) (end -9.00019 -9.00015) (layer F.CrtYd) (width 0.2))
    (fp_line (start 8.99983 -9.00015) (end -9.00019 -9.00015) (layer F.CrtYd) (width 0.2))
    (fp_line (start -7.81812 8.15848) (end -7.81812 0.0508) (layer F.CrtYd) (width 0.2))
    (fp_line (start 7.82066 8.16356) (end -7.81558 8.16356) (layer F.CrtYd) (width 0.2))
    (fp_line (start 7.82066 -8.166104) (end 7.82066 8.161027) (layer F.CrtYd) (width 0.2))
    (fp_line (start -7.82066 -8.1661) (end 7.82066 -8.1661) (layer F.CrtYd) (width 0.2))
    (fp_line (start -7.82066 -0.025381) (end -7.82066 -8.16356) (layer F.CrtYd) (width 0.2))
    (fp_line (start -6.59638 -7.00024) (end 6.61162 -7.00024) (layer Cmts.User) (width 0.1))
    (fp_line (start 6.20014 -6.19762) (end 6.20014 -2.16662) (layer Cmts.User) (width 0.1))
    (fp_arc (start 6.604 -6.604) (end 7.00024 -6.6167) (angle -88.16422526) (layer Cmts.User) (width 0.1))
    (fp_line (start 7.00278 -6.60654) (end 7.00278 -2.16154) (layer Cmts.User) (width 0.1))
    (fp_line (start -6.20014 -2.174212) (end -6.20014 -6.20014) (layer Cmts.User) (width 0.1))
    (fp_line (start -6.197601 -6.20014) (end 6.19252 -6.20014) (layer Cmts.User) (width 0.1))
    (fp_arc (start 6.59892 -2.1971) (end 6.20014 -2.19202) (angle -179.2701569) (layer Cmts.User) (width 0.1))
    (fp_line (start -7.00024 -2.15392) (end -7.00024 -6.59892) (layer Cmts.User) (width 0.1))
    (fp_arc (start -6.607997 -6.608774) (end -6.999157 -6.624312) (angle 87.9384914) (layer Cmts.User) (width 0.1))
    (fp_arc (start -6.59892 -2.19964) (end -6.9977 -2.19456) (angle -179.2701569) (layer Cmts.User) (width 0.1))
    (fp_arc (start 6.59892 2.19964) (end 6.9977 2.19456) (angle -179.2701569) (layer Cmts.User) (width 0.1))
    (fp_arc (start -6.59892 2.1971) (end -6.20014 2.19202) (angle -179.2701569) (layer Cmts.User) (width 0.1))
    (fp_arc (start -6.604 6.604) (end -7.00024 6.6167) (angle -88.16422526) (layer Cmts.User) (width 0.1))
    (fp_line (start 6.20014 2.174212) (end 6.20014 6.20014) (layer Cmts.User) (width 0.1))
    (fp_arc (start 6.607997 6.608774) (end 6.999157 6.624312) (angle 87.9384914) (layer Cmts.User) (width 0.1))
    (fp_line (start 6.197601 6.20014) (end -6.19252 6.20014) (layer Cmts.User) (width 0.1))
    (fp_line (start -6.20014 6.19762) (end -6.20014 2.16662) (layer Cmts.User) (width 0.1))
    (fp_line (start -7.00278 6.60654) (end -7.00278 2.16154) (layer Cmts.User) (width 0.1))
    (fp_line (start 7.00024 2.15392) (end 7.00024 6.59892) (layer Cmts.User) (width 0.1))
    (fp_line (start 6.59638 7.00024) (end -6.61162 7.00024) (layer Cmts.User) (width 0.1))
    (fp_line (start -6.59638 -7.00024) (end 6.61162 -7.00024) (layer Edge.Cuts) (width 0.1))
    (fp_line (start 6.20014 -6.19762) (end 6.20014 -2.16662) (layer Edge.Cuts) (width 0.1))
    (fp_arc (start 6.604 -6.604) (end 7.00024 -6.6167) (angle -88.16422526) (layer Edge.Cuts) (width 0.1))
    (fp_line (start 7.00278 -6.60654) (end 7.00278 -2.16154) (layer Edge.Cuts) (width 0.1))
    (fp_line (start -6.20014 -2.174212) (end -6.20014 -6.20014) (layer Edge.Cuts) (width 0.1))
    (fp_line (start -6.197601 -6.20014) (end 6.19252 -6.20014) (layer Edge.Cuts) (width 0.1))
    (fp_arc (start 6.59892 -2.1971) (end 6.20014 -2.19202) (angle -179.2701569) (layer Edge.Cuts) (width 0.1))
    (fp_line (start -7.00024 -2.15392) (end -7.00024 -6.59892) (layer Edge.Cuts) (width 0.1))
    (fp_arc (start -6.607997 -6.608774) (end -6.999157 -6.624312) (angle 87.9384914) (layer Edge.Cuts) (width 0.1))
    (fp_arc (start -6.59892 -2.19964) (end -6.9977 -2.19456) (angle -179.2701569) (layer Edge.Cuts) (width 0.1))
    (fp_arc (start 6.59892 2.19964) (end 6.9977 2.19456) (angle -179.2701569) (layer Edge.Cuts) (width 0.1))
    (fp_arc (start -6.59892 2.1971) (end -6.20014 2.19202) (angle -179.2701569) (layer Edge.Cuts) (width 0.1))
    (fp_arc (start -6.604 6.604) (end -7.00024 6.6167) (angle -88.16422526) (layer Edge.Cuts) (width 0.1))
    (fp_line (start 6.20014 2.174212) (end 6.20014 6.20014) (layer Edge.Cuts) (width 0.1))
    (fp_arc (start 6.607997 6.608774) (end 6.999157 6.624312) (angle 87.9384914) (layer Edge.Cuts) (width 0.1))
    (fp_line (start 6.197601 6.20014) (end -6.19252 6.20014) (layer Edge.Cuts) (width 0.1))
    (fp_line (start -6.20014 6.19762) (end -6.20014 2.16662) (layer Edge.Cuts) (width 0.1))
    (fp_line (start -7.00278 6.60654) (end -7.00278 2.16154) (layer Edge.Cuts) (width 0.1))
    (fp_line (start 7.00024 2.15392) (end 7.00024 6.59892) (layer Edge.Cuts) (width 0.1))
    (fp_line (start 6.59638 7.00024) (end -6.61162 7.00024) (layer Edge.Cuts) (width 0.1))
    (pad 2 thru_hole circle (at -6.7 -1) (size 1 1) (drill 0.5) (layers *.Cu *.Paste *.Mask)
      (net 16 GND))
    (pad 2 thru_hole circle (at -6.7 1) (size 1 1) (drill 0.5) (layers *.Cu *.Paste *.Mask)
      (net 16 GND))
    (pad 2 thru_hole circle (at -6.7 0) (size 1 1) (drill 0.5) (layers *.Cu *.Paste *.Mask)
      (net 16 GND))
    (pad 1 thru_hole oval (at 2.54 4.8768) (size 2.5 1.8) (drill 1.4) (layers *.Cu *.Paste *.Mask)
      (net 32 /S21))
    (pad 2 thru_hole circle (at -3.81 2.54) (size 2.5 2.5) (drill 1.4) (layers *.Cu *.Paste *.Mask)
      (net 16 GND))
    (pad 2 thru_hole oval (at -2.54 4.8768) (size 2.5 1.8) (drill 1.4) (layers *.Cu *.Paste *.Mask)
      (net 16 GND))
    (pad 1 thru_hole circle (at 3.81 2.54) (size 2.5 2.5) (drill 1.4) (layers *.Cu *.Paste *.Mask)
      (net 32 /S21))
    (pad 2 thru_hole circle (at -5.08 0) (size 2 2) (drill 1.7018) (layers *.Cu *.Paste *.Mask)
      (net 16 GND))
    (pad 1 thru_hole circle (at 5.08 0) (size 2 2) (drill 1.7018) (layers *.Cu *.Paste *.Mask)
      (net 32 /S21))
    (pad 0 thru_hole circle (at 0 0) (size 4.3 4.3) (drill 3.9878) (layers *.Cu *.Paste *.Mask))
    (pad 1 thru_hole circle (at 6.7 0 180) (size 1 1) (drill 0.5) (layers *.Cu *.Paste *.Mask)
      (net 32 /S21))
    (pad 1 thru_hole circle (at 6.7 -1 180) (size 1 1) (drill 0.5) (layers *.Cu *.Paste *.Mask)
      (net 32 /S21))
    (pad 1 thru_hole circle (at 6.7 1 180) (size 1 1) (drill 0.5) (layers *.Cu *.Paste *.Mask)
      (net 32 /S21))
    (pad 0 thru_hole circle (at 1.27 -5.08) (size 1.6 1.6) (drill 1.1) (layers *.Cu *.Paste *.Mask))
    (pad 0 thru_hole circle (at -1.27 -5.08) (size 1.6 1.6) (drill 1.1) (layers *.Cu *.Paste *.Mask))
  )

  (module cherry_cutout:programming_port (layer F.Cu) (tedit 5ABD59FA) (tstamp 5BA0CCDA)
    (at 81.915 117.729 270)
    (path /5AC41408)
    (fp_text reference J1 (at 0 2.54 270) (layer F.SilkS)
      (effects (font (size 1 1) (thickness 0.15)))
    )
    (fp_text value Conn_01x04 (at 0 -5.08 270) (layer F.Fab) hide
      (effects (font (size 1 1) (thickness 0.15)))
    )
    (pad 4 thru_hole circle (at 0 -7.62) (size 1.5 1.5) (drill 0.9) (layers *.Cu *.Paste *.Mask)
      (net 30 /SWCLK))
    (pad 3 thru_hole circle (at 0 -5.08) (size 1.5 1.5) (drill 0.9) (layers *.Cu *.Paste *.Mask)
      (net 29 /SWDIO))
    (pad 2 thru_hole circle (at 0 -2.54) (size 1.5 1.5) (drill 0.9) (layers *.Cu *.Paste *.Mask)
      (net 31 /GND_BAT))
    (pad 1 thru_hole rect (at 0 0) (size 1.5 1.5) (drill 0.9) (layers *.Cu *.Paste *.Mask)
      (net 23 VCC))
  )

  (module cherry_cutout:battery_contacts (layer F.Cu) (tedit 5ABE3407) (tstamp 5BA0CD20)
    (at 58.928 115.189 180)
    (path /5AC2E3D6)
    (fp_text reference BT1 (at 0 7.62 180) (layer F.SilkS)
      (effects (font (size 1 1) (thickness 0.15)))
    )
    (fp_text value Battery_Cell (at 0 -6.35 180) (layer F.Fab) hide
      (effects (font (size 1 1) (thickness 0.15)))
    )
    (fp_circle (center 0 0) (end 10 0) (layer F.CrtYd) (width 0.1))
    (pad 2 thru_hole circle (at 11.7 0 180) (size 2 2) (drill 1.1) (layers *.Cu *.Mask)
      (net 31 /GND_BAT))
    (pad 1 thru_hole circle (at -11.7 0 180) (size 2 2) (drill 1.1) (layers *.Cu *.Mask)
      (net 23 VCC))
    (pad 2 smd oval (at 0 0 180) (size 15 8.5) (layers B.Cu B.Paste B.Mask)
      (net 31 /GND_BAT))
    (pad 1 smd oval (at 0 0 180) (size 15 8.5) (layers F.Cu F.Paste F.Mask)
      (net 23 VCC))
  )

  (module cherry_cutout:cherry locked (layer F.Cu) (tedit 5ABD0BC1) (tstamp 5B3B97B4)
    (at 52.3875 78.58125)
    (descr CherryMX_Cutout)
    (tags CherryMX_Cutout)
    (path /5ABB9461)
    (fp_text reference K11 (at 0 4.318) (layer B.SilkS)
      (effects (font (size 1 1) (thickness 0.2)) (justify mirror))
    )
    (fp_text value KEYSW (at 5.334 10.922) (layer B.SilkS) hide
      (effects (font (size 1.524 1.524) (thickness 0.3048)) (justify mirror))
    )
    (fp_line (start -9.00019 8.99987) (end 8.99983 8.99987) (layer F.CrtYd) (width 0.2))
    (fp_line (start 8.99983 8.99987) (end 8.99983 -9.00015) (layer F.CrtYd) (width 0.2))
    (fp_line (start -9.00019 8.99987) (end -9.00019 -9.00015) (layer F.CrtYd) (width 0.2))
    (fp_line (start 8.99983 -9.00015) (end -9.00019 -9.00015) (layer F.CrtYd) (width 0.2))
    (fp_line (start -7.81812 8.15848) (end -7.81812 0.0508) (layer F.CrtYd) (width 0.2))
    (fp_line (start 7.82066 8.16356) (end -7.81558 8.16356) (layer F.CrtYd) (width 0.2))
    (fp_line (start 7.82066 -8.166104) (end 7.82066 8.161027) (layer F.CrtYd) (width 0.2))
    (fp_line (start -7.82066 -8.1661) (end 7.82066 -8.1661) (layer F.CrtYd) (width 0.2))
    (fp_line (start -7.82066 -0.025381) (end -7.82066 -8.16356) (layer F.CrtYd) (width 0.2))
    (fp_line (start -6.59638 -7.00024) (end 6.61162 -7.00024) (layer Cmts.User) (width 0.1))
    (fp_line (start 6.20014 -6.19762) (end 6.20014 -2.16662) (layer Cmts.User) (width 0.1))
    (fp_arc (start 6.604 -6.604) (end 7.00024 -6.6167) (angle -88.16422526) (layer Cmts.User) (width 0.1))
    (fp_line (start 7.00278 -6.60654) (end 7.00278 -2.16154) (layer Cmts.User) (width 0.1))
    (fp_line (start -6.20014 -2.174212) (end -6.20014 -6.20014) (layer Cmts.User) (width 0.1))
    (fp_line (start -6.197601 -6.20014) (end 6.19252 -6.20014) (layer Cmts.User) (width 0.1))
    (fp_arc (start 6.59892 -2.1971) (end 6.20014 -2.19202) (angle -179.2701569) (layer Cmts.User) (width 0.1))
    (fp_line (start -7.00024 -2.15392) (end -7.00024 -6.59892) (layer Cmts.User) (width 0.1))
    (fp_arc (start -6.607997 -6.608774) (end -6.999157 -6.624312) (angle 87.9384914) (layer Cmts.User) (width 0.1))
    (fp_arc (start -6.59892 -2.19964) (end -6.9977 -2.19456) (angle -179.2701569) (layer Cmts.User) (width 0.1))
    (fp_arc (start 6.59892 2.19964) (end 6.9977 2.19456) (angle -179.2701569) (layer Cmts.User) (width 0.1))
    (fp_arc (start -6.59892 2.1971) (end -6.20014 2.19202) (angle -179.2701569) (layer Cmts.User) (width 0.1))
    (fp_arc (start -6.604 6.604) (end -7.00024 6.6167) (angle -88.16422526) (layer Cmts.User) (width 0.1))
    (fp_line (start 6.20014 2.174212) (end 6.20014 6.20014) (layer Cmts.User) (width 0.1))
    (fp_arc (start 6.607997 6.608774) (end 6.999157 6.624312) (angle 87.9384914) (layer Cmts.User) (width 0.1))
    (fp_line (start 6.197601 6.20014) (end -6.19252 6.20014) (layer Cmts.User) (width 0.1))
    (fp_line (start -6.20014 6.19762) (end -6.20014 2.16662) (layer Cmts.User) (width 0.1))
    (fp_line (start -7.00278 6.60654) (end -7.00278 2.16154) (layer Cmts.User) (width 0.1))
    (fp_line (start 7.00024 2.15392) (end 7.00024 6.59892) (layer Cmts.User) (width 0.1))
    (fp_line (start 6.59638 7.00024) (end -6.61162 7.00024) (layer Cmts.User) (width 0.1))
    (fp_line (start -6.59638 -7.00024) (end 6.61162 -7.00024) (layer Edge.Cuts) (width 0.1))
    (fp_line (start 6.20014 -6.19762) (end 6.20014 -2.16662) (layer Edge.Cuts) (width 0.1))
    (fp_arc (start 6.604 -6.604) (end 7.00024 -6.6167) (angle -88.16422526) (layer Edge.Cuts) (width 0.1))
    (fp_line (start 7.00278 -6.60654) (end 7.00278 -2.16154) (layer Edge.Cuts) (width 0.1))
    (fp_line (start -6.20014 -2.174212) (end -6.20014 -6.20014) (layer Edge.Cuts) (width 0.1))
    (fp_line (start -6.197601 -6.20014) (end 6.19252 -6.20014) (layer Edge.Cuts) (width 0.1))
    (fp_arc (start 6.59892 -2.1971) (end 6.20014 -2.19202) (angle -179.2701569) (layer Edge.Cuts) (width 0.1))
    (fp_line (start -7.00024 -2.15392) (end -7.00024 -6.59892) (layer Edge.Cuts) (width 0.1))
    (fp_arc (start -6.607997 -6.608774) (end -6.999157 -6.624312) (angle 87.9384914) (layer Edge.Cuts) (width 0.1))
    (fp_arc (start -6.59892 -2.19964) (end -6.9977 -2.19456) (angle -179.2701569) (layer Edge.Cuts) (width 0.1))
    (fp_arc (start 6.59892 2.19964) (end 6.9977 2.19456) (angle -179.2701569) (layer Edge.Cuts) (width 0.1))
    (fp_arc (start -6.59892 2.1971) (end -6.20014 2.19202) (angle -179.2701569) (layer Edge.Cuts) (width 0.1))
    (fp_arc (start -6.604 6.604) (end -7.00024 6.6167) (angle -88.16422526) (layer Edge.Cuts) (width 0.1))
    (fp_line (start 6.20014 2.174212) (end 6.20014 6.20014) (layer Edge.Cuts) (width 0.1))
    (fp_arc (start 6.607997 6.608774) (end 6.999157 6.624312) (angle 87.9384914) (layer Edge.Cuts) (width 0.1))
    (fp_line (start 6.197601 6.20014) (end -6.19252 6.20014) (layer Edge.Cuts) (width 0.1))
    (fp_line (start -6.20014 6.19762) (end -6.20014 2.16662) (layer Edge.Cuts) (width 0.1))
    (fp_line (start -7.00278 6.60654) (end -7.00278 2.16154) (layer Edge.Cuts) (width 0.1))
    (fp_line (start 7.00024 2.15392) (end 7.00024 6.59892) (layer Edge.Cuts) (width 0.1))
    (fp_line (start 6.59638 7.00024) (end -6.61162 7.00024) (layer Edge.Cuts) (width 0.1))
    (pad 2 thru_hole circle (at -6.7 -1) (size 1 1) (drill 0.5) (layers *.Cu *.Paste *.Mask)
      (net 16 GND))
    (pad 2 thru_hole circle (at -6.7 1) (size 1 1) (drill 0.5) (layers *.Cu *.Paste *.Mask)
      (net 16 GND))
    (pad 2 thru_hole circle (at -6.7 0) (size 1 1) (drill 0.5) (layers *.Cu *.Paste *.Mask)
      (net 16 GND))
    (pad 1 thru_hole oval (at 2.54 4.8768) (size 2.5 1.8) (drill 1.4) (layers *.Cu *.Paste *.Mask)
      (net 14 /S11))
    (pad 2 thru_hole circle (at -3.81 2.54) (size 2.5 2.5) (drill 1.4) (layers *.Cu *.Paste *.Mask)
      (net 16 GND))
    (pad 2 thru_hole oval (at -2.54 4.8768) (size 2.5 1.8) (drill 1.4) (layers *.Cu *.Paste *.Mask)
      (net 16 GND))
    (pad 1 thru_hole circle (at 3.81 2.54) (size 2.5 2.5) (drill 1.4) (layers *.Cu *.Paste *.Mask)
      (net 14 /S11))
    (pad 2 thru_hole circle (at -5.08 0) (size 2 2) (drill 1.7018) (layers *.Cu *.Paste *.Mask)
      (net 16 GND))
    (pad 1 thru_hole circle (at 5.08 0) (size 2 2) (drill 1.7018) (layers *.Cu *.Paste *.Mask)
      (net 14 /S11))
    (pad 0 thru_hole circle (at 0 0) (size 4.3 4.3) (drill 3.9878) (layers *.Cu *.Paste *.Mask))
    (pad 1 thru_hole circle (at 6.7 0 180) (size 1 1) (drill 0.5) (layers *.Cu *.Paste *.Mask)
      (net 14 /S11))
    (pad 1 thru_hole circle (at 6.7 -1 180) (size 1 1) (drill 0.5) (layers *.Cu *.Paste *.Mask)
      (net 14 /S11))
    (pad 1 thru_hole circle (at 6.7 1 180) (size 1 1) (drill 0.5) (layers *.Cu *.Paste *.Mask)
      (net 14 /S11))
    (pad 0 thru_hole circle (at 1.27 -5.08) (size 1.6 1.6) (drill 1.1) (layers *.Cu *.Paste *.Mask))
    (pad 0 thru_hole circle (at -1.27 -5.08) (size 1.6 1.6) (drill 1.1) (layers *.Cu *.Paste *.Mask))
  )

  (module cherry_cutout:cherry locked (layer F.Cu) (tedit 5ABD0BC1) (tstamp 5B3B9771)
    (at 66.675 35.71875)
    (descr CherryMX_Cutout)
    (tags CherryMX_Cutout)
    (path /5ABB948D)
    (fp_text reference K2 (at 0 4.318) (layer B.SilkS)
      (effects (font (size 1 1) (thickness 0.2)) (justify mirror))
    )
    (fp_text value KEYSW (at 5.334 10.922) (layer B.SilkS) hide
      (effects (font (size 1.524 1.524) (thickness 0.3048)) (justify mirror))
    )
    (fp_line (start 6.59638 7.00024) (end -6.61162 7.00024) (layer Edge.Cuts) (width 0.1))
    (fp_line (start 7.00024 2.15392) (end 7.00024 6.59892) (layer Edge.Cuts) (width 0.1))
    (fp_line (start -7.00278 6.60654) (end -7.00278 2.16154) (layer Edge.Cuts) (width 0.1))
    (fp_line (start -6.20014 6.19762) (end -6.20014 2.16662) (layer Edge.Cuts) (width 0.1))
    (fp_line (start 6.197601 6.20014) (end -6.19252 6.20014) (layer Edge.Cuts) (width 0.1))
    (fp_arc (start 6.607997 6.608774) (end 6.999157 6.624312) (angle 87.9384914) (layer Edge.Cuts) (width 0.1))
    (fp_line (start 6.20014 2.174212) (end 6.20014 6.20014) (layer Edge.Cuts) (width 0.1))
    (fp_arc (start -6.604 6.604) (end -7.00024 6.6167) (angle -88.16422526) (layer Edge.Cuts) (width 0.1))
    (fp_arc (start -6.59892 2.1971) (end -6.20014 2.19202) (angle -179.2701569) (layer Edge.Cuts) (width 0.1))
    (fp_arc (start 6.59892 2.19964) (end 6.9977 2.19456) (angle -179.2701569) (layer Edge.Cuts) (width 0.1))
    (fp_arc (start -6.59892 -2.19964) (end -6.9977 -2.19456) (angle -179.2701569) (layer Edge.Cuts) (width 0.1))
    (fp_arc (start -6.607997 -6.608774) (end -6.999157 -6.624312) (angle 87.9384914) (layer Edge.Cuts) (width 0.1))
    (fp_line (start -7.00024 -2.15392) (end -7.00024 -6.59892) (layer Edge.Cuts) (width 0.1))
    (fp_arc (start 6.59892 -2.1971) (end 6.20014 -2.19202) (angle -179.2701569) (layer Edge.Cuts) (width 0.1))
    (fp_line (start -6.197601 -6.20014) (end 6.19252 -6.20014) (layer Edge.Cuts) (width 0.1))
    (fp_line (start -6.20014 -2.174212) (end -6.20014 -6.20014) (layer Edge.Cuts) (width 0.1))
    (fp_line (start 7.00278 -6.60654) (end 7.00278 -2.16154) (layer Edge.Cuts) (width 0.1))
    (fp_arc (start 6.604 -6.604) (end 7.00024 -6.6167) (angle -88.16422526) (layer Edge.Cuts) (width 0.1))
    (fp_line (start 6.20014 -6.19762) (end 6.20014 -2.16662) (layer Edge.Cuts) (width 0.1))
    (fp_line (start -6.59638 -7.00024) (end 6.61162 -7.00024) (layer Edge.Cuts) (width 0.1))
    (fp_line (start 6.59638 7.00024) (end -6.61162 7.00024) (layer Cmts.User) (width 0.1))
    (fp_line (start 7.00024 2.15392) (end 7.00024 6.59892) (layer Cmts.User) (width 0.1))
    (fp_line (start -7.00278 6.60654) (end -7.00278 2.16154) (layer Cmts.User) (width 0.1))
    (fp_line (start -6.20014 6.19762) (end -6.20014 2.16662) (layer Cmts.User) (width 0.1))
    (fp_line (start 6.197601 6.20014) (end -6.19252 6.20014) (layer Cmts.User) (width 0.1))
    (fp_arc (start 6.607997 6.608774) (end 6.999157 6.624312) (angle 87.9384914) (layer Cmts.User) (width 0.1))
    (fp_line (start 6.20014 2.174212) (end 6.20014 6.20014) (layer Cmts.User) (width 0.1))
    (fp_arc (start -6.604 6.604) (end -7.00024 6.6167) (angle -88.16422526) (layer Cmts.User) (width 0.1))
    (fp_arc (start -6.59892 2.1971) (end -6.20014 2.19202) (angle -179.2701569) (layer Cmts.User) (width 0.1))
    (fp_arc (start 6.59892 2.19964) (end 6.9977 2.19456) (angle -179.2701569) (layer Cmts.User) (width 0.1))
    (fp_arc (start -6.59892 -2.19964) (end -6.9977 -2.19456) (angle -179.2701569) (layer Cmts.User) (width 0.1))
    (fp_arc (start -6.607997 -6.608774) (end -6.999157 -6.624312) (angle 87.9384914) (layer Cmts.User) (width 0.1))
    (fp_line (start -7.00024 -2.15392) (end -7.00024 -6.59892) (layer Cmts.User) (width 0.1))
    (fp_arc (start 6.59892 -2.1971) (end 6.20014 -2.19202) (angle -179.2701569) (layer Cmts.User) (width 0.1))
    (fp_line (start -6.197601 -6.20014) (end 6.19252 -6.20014) (layer Cmts.User) (width 0.1))
    (fp_line (start -6.20014 -2.174212) (end -6.20014 -6.20014) (layer Cmts.User) (width 0.1))
    (fp_line (start 7.00278 -6.60654) (end 7.00278 -2.16154) (layer Cmts.User) (width 0.1))
    (fp_arc (start 6.604 -6.604) (end 7.00024 -6.6167) (angle -88.16422526) (layer Cmts.User) (width 0.1))
    (fp_line (start 6.20014 -6.19762) (end 6.20014 -2.16662) (layer Cmts.User) (width 0.1))
    (fp_line (start -6.59638 -7.00024) (end 6.61162 -7.00024) (layer Cmts.User) (width 0.1))
    (fp_line (start -7.82066 -0.025381) (end -7.82066 -8.16356) (layer F.CrtYd) (width 0.2))
    (fp_line (start -7.82066 -8.1661) (end 7.82066 -8.1661) (layer F.CrtYd) (width 0.2))
    (fp_line (start 7.82066 -8.166104) (end 7.82066 8.161027) (layer F.CrtYd) (width 0.2))
    (fp_line (start 7.82066 8.16356) (end -7.81558 8.16356) (layer F.CrtYd) (width 0.2))
    (fp_line (start -7.81812 8.15848) (end -7.81812 0.0508) (layer F.CrtYd) (width 0.2))
    (fp_line (start 8.99983 -9.00015) (end -9.00019 -9.00015) (layer F.CrtYd) (width 0.2))
    (fp_line (start -9.00019 8.99987) (end -9.00019 -9.00015) (layer F.CrtYd) (width 0.2))
    (fp_line (start 8.99983 8.99987) (end 8.99983 -9.00015) (layer F.CrtYd) (width 0.2))
    (fp_line (start -9.00019 8.99987) (end 8.99983 8.99987) (layer F.CrtYd) (width 0.2))
    (pad 0 thru_hole circle (at -1.27 -5.08) (size 1.6 1.6) (drill 1.1) (layers *.Cu *.Paste *.Mask))
    (pad 0 thru_hole circle (at 1.27 -5.08) (size 1.6 1.6) (drill 1.1) (layers *.Cu *.Paste *.Mask))
    (pad 1 thru_hole circle (at 6.7 1 180) (size 1 1) (drill 0.5) (layers *.Cu *.Paste *.Mask)
      (net 9 /S2))
    (pad 1 thru_hole circle (at 6.7 -1 180) (size 1 1) (drill 0.5) (layers *.Cu *.Paste *.Mask)
      (net 9 /S2))
    (pad 1 thru_hole circle (at 6.7 0 180) (size 1 1) (drill 0.5) (layers *.Cu *.Paste *.Mask)
      (net 9 /S2))
    (pad 0 thru_hole circle (at 0 0) (size 4.3 4.3) (drill 3.9878) (layers *.Cu *.Paste *.Mask))
    (pad 1 thru_hole circle (at 5.08 0) (size 2 2) (drill 1.7018) (layers *.Cu *.Paste *.Mask)
      (net 9 /S2))
    (pad 2 thru_hole circle (at -5.08 0) (size 2 2) (drill 1.7018) (layers *.Cu *.Paste *.Mask)
      (net 16 GND))
    (pad 1 thru_hole circle (at 3.81 2.54) (size 2.5 2.5) (drill 1.4) (layers *.Cu *.Paste *.Mask)
      (net 9 /S2))
    (pad 2 thru_hole oval (at -2.54 4.8768) (size 2.5 1.8) (drill 1.4) (layers *.Cu *.Paste *.Mask)
      (net 16 GND))
    (pad 2 thru_hole circle (at -3.81 2.54) (size 2.5 2.5) (drill 1.4) (layers *.Cu *.Paste *.Mask)
      (net 16 GND))
    (pad 1 thru_hole oval (at 2.54 4.8768) (size 2.5 1.8) (drill 1.4) (layers *.Cu *.Paste *.Mask)
      (net 9 /S2))
    (pad 2 thru_hole circle (at -6.7 0) (size 1 1) (drill 0.5) (layers *.Cu *.Paste *.Mask)
      (net 16 GND))
    (pad 2 thru_hole circle (at -6.7 1) (size 1 1) (drill 0.5) (layers *.Cu *.Paste *.Mask)
      (net 16 GND))
    (pad 2 thru_hole circle (at -6.7 -1) (size 1 1) (drill 0.5) (layers *.Cu *.Paste *.Mask)
      (net 16 GND))
  )

  (module cherry_cutout:cherry locked (layer F.Cu) (tedit 5ABD0BC1) (tstamp 5B3B972E)
    (at 90.4875 30.95625)
    (descr CherryMX_Cutout)
    (tags CherryMX_Cutout)
    (path /5ABB958F)
    (fp_text reference K3 (at 0 4.318) (layer B.SilkS)
      (effects (font (size 1 1) (thickness 0.2)) (justify mirror))
    )
    (fp_text value KEYSW (at 5.334 10.922) (layer B.SilkS) hide
      (effects (font (size 1.524 1.524) (thickness 0.3048)) (justify mirror))
    )
    (fp_line (start -9.00019 8.99987) (end 8.99983 8.99987) (layer F.CrtYd) (width 0.2))
    (fp_line (start 8.99983 8.99987) (end 8.99983 -9.00015) (layer F.CrtYd) (width 0.2))
    (fp_line (start -9.00019 8.99987) (end -9.00019 -9.00015) (layer F.CrtYd) (width 0.2))
    (fp_line (start 8.99983 -9.00015) (end -9.00019 -9.00015) (layer F.CrtYd) (width 0.2))
    (fp_line (start -7.81812 8.15848) (end -7.81812 0.0508) (layer F.CrtYd) (width 0.2))
    (fp_line (start 7.82066 8.16356) (end -7.81558 8.16356) (layer F.CrtYd) (width 0.2))
    (fp_line (start 7.82066 -8.166104) (end 7.82066 8.161027) (layer F.CrtYd) (width 0.2))
    (fp_line (start -7.82066 -8.1661) (end 7.82066 -8.1661) (layer F.CrtYd) (width 0.2))
    (fp_line (start -7.82066 -0.025381) (end -7.82066 -8.16356) (layer F.CrtYd) (width 0.2))
    (fp_line (start -6.59638 -7.00024) (end 6.61162 -7.00024) (layer Cmts.User) (width 0.1))
    (fp_line (start 6.20014 -6.19762) (end 6.20014 -2.16662) (layer Cmts.User) (width 0.1))
    (fp_arc (start 6.604 -6.604) (end 7.00024 -6.6167) (angle -88.16422526) (layer Cmts.User) (width 0.1))
    (fp_line (start 7.00278 -6.60654) (end 7.00278 -2.16154) (layer Cmts.User) (width 0.1))
    (fp_line (start -6.20014 -2.174212) (end -6.20014 -6.20014) (layer Cmts.User) (width 0.1))
    (fp_line (start -6.197601 -6.20014) (end 6.19252 -6.20014) (layer Cmts.User) (width 0.1))
    (fp_arc (start 6.59892 -2.1971) (end 6.20014 -2.19202) (angle -179.2701569) (layer Cmts.User) (width 0.1))
    (fp_line (start -7.00024 -2.15392) (end -7.00024 -6.59892) (layer Cmts.User) (width 0.1))
    (fp_arc (start -6.607997 -6.608774) (end -6.999157 -6.624312) (angle 87.9384914) (layer Cmts.User) (width 0.1))
    (fp_arc (start -6.59892 -2.19964) (end -6.9977 -2.19456) (angle -179.2701569) (layer Cmts.User) (width 0.1))
    (fp_arc (start 6.59892 2.19964) (end 6.9977 2.19456) (angle -179.2701569) (layer Cmts.User) (width 0.1))
    (fp_arc (start -6.59892 2.1971) (end -6.20014 2.19202) (angle -179.2701569) (layer Cmts.User) (width 0.1))
    (fp_arc (start -6.604 6.604) (end -7.00024 6.6167) (angle -88.16422526) (layer Cmts.User) (width 0.1))
    (fp_line (start 6.20014 2.174212) (end 6.20014 6.20014) (layer Cmts.User) (width 0.1))
    (fp_arc (start 6.607997 6.608774) (end 6.999157 6.624312) (angle 87.9384914) (layer Cmts.User) (width 0.1))
    (fp_line (start 6.197601 6.20014) (end -6.19252 6.20014) (layer Cmts.User) (width 0.1))
    (fp_line (start -6.20014 6.19762) (end -6.20014 2.16662) (layer Cmts.User) (width 0.1))
    (fp_line (start -7.00278 6.60654) (end -7.00278 2.16154) (layer Cmts.User) (width 0.1))
    (fp_line (start 7.00024 2.15392) (end 7.00024 6.59892) (layer Cmts.User) (width 0.1))
    (fp_line (start 6.59638 7.00024) (end -6.61162 7.00024) (layer Cmts.User) (width 0.1))
    (fp_line (start -6.59638 -7.00024) (end 6.61162 -7.00024) (layer Edge.Cuts) (width 0.1))
    (fp_line (start 6.20014 -6.19762) (end 6.20014 -2.16662) (layer Edge.Cuts) (width 0.1))
    (fp_arc (start 6.604 -6.604) (end 7.00024 -6.6167) (angle -88.16422526) (layer Edge.Cuts) (width 0.1))
    (fp_line (start 7.00278 -6.60654) (end 7.00278 -2.16154) (layer Edge.Cuts) (width 0.1))
    (fp_line (start -6.20014 -2.174212) (end -6.20014 -6.20014) (layer Edge.Cuts) (width 0.1))
    (fp_line (start -6.197601 -6.20014) (end 6.19252 -6.20014) (layer Edge.Cuts) (width 0.1))
    (fp_arc (start 6.59892 -2.1971) (end 6.20014 -2.19202) (angle -179.2701569) (layer Edge.Cuts) (width 0.1))
    (fp_line (start -7.00024 -2.15392) (end -7.00024 -6.59892) (layer Edge.Cuts) (width 0.1))
    (fp_arc (start -6.607997 -6.608774) (end -6.999157 -6.624312) (angle 87.9384914) (layer Edge.Cuts) (width 0.1))
    (fp_arc (start -6.59892 -2.19964) (end -6.9977 -2.19456) (angle -179.2701569) (layer Edge.Cuts) (width 0.1))
    (fp_arc (start 6.59892 2.19964) (end 6.9977 2.19456) (angle -179.2701569) (layer Edge.Cuts) (width 0.1))
    (fp_arc (start -6.59892 2.1971) (end -6.20014 2.19202) (angle -179.2701569) (layer Edge.Cuts) (width 0.1))
    (fp_arc (start -6.604 6.604) (end -7.00024 6.6167) (angle -88.16422526) (layer Edge.Cuts) (width 0.1))
    (fp_line (start 6.20014 2.174212) (end 6.20014 6.20014) (layer Edge.Cuts) (width 0.1))
    (fp_arc (start 6.607997 6.608774) (end 6.999157 6.624312) (angle 87.9384914) (layer Edge.Cuts) (width 0.1))
    (fp_line (start 6.197601 6.20014) (end -6.19252 6.20014) (layer Edge.Cuts) (width 0.1))
    (fp_line (start -6.20014 6.19762) (end -6.20014 2.16662) (layer Edge.Cuts) (width 0.1))
    (fp_line (start -7.00278 6.60654) (end -7.00278 2.16154) (layer Edge.Cuts) (width 0.1))
    (fp_line (start 7.00024 2.15392) (end 7.00024 6.59892) (layer Edge.Cuts) (width 0.1))
    (fp_line (start 6.59638 7.00024) (end -6.61162 7.00024) (layer Edge.Cuts) (width 0.1))
    (pad 2 thru_hole circle (at -6.7 -1) (size 1 1) (drill 0.5) (layers *.Cu *.Paste *.Mask)
      (net 16 GND))
    (pad 2 thru_hole circle (at -6.7 1) (size 1 1) (drill 0.5) (layers *.Cu *.Paste *.Mask)
      (net 16 GND))
    (pad 2 thru_hole circle (at -6.7 0) (size 1 1) (drill 0.5) (layers *.Cu *.Paste *.Mask)
      (net 16 GND))
    (pad 1 thru_hole oval (at 2.54 4.8768) (size 2.5 1.8) (drill 1.4) (layers *.Cu *.Paste *.Mask)
      (net 4 /S3))
    (pad 2 thru_hole circle (at -3.81 2.54) (size 2.5 2.5) (drill 1.4) (layers *.Cu *.Paste *.Mask)
      (net 16 GND))
    (pad 2 thru_hole oval (at -2.54 4.8768) (size 2.5 1.8) (drill 1.4) (layers *.Cu *.Paste *.Mask)
      (net 16 GND))
    (pad 1 thru_hole circle (at 3.81 2.54) (size 2.5 2.5) (drill 1.4) (layers *.Cu *.Paste *.Mask)
      (net 4 /S3))
    (pad 2 thru_hole circle (at -5.08 0) (size 2 2) (drill 1.7018) (layers *.Cu *.Paste *.Mask)
      (net 16 GND))
    (pad 1 thru_hole circle (at 5.08 0) (size 2 2) (drill 1.7018) (layers *.Cu *.Paste *.Mask)
      (net 4 /S3))
    (pad 0 thru_hole circle (at 0 0) (size 4.3 4.3) (drill 3.9878) (layers *.Cu *.Paste *.Mask))
    (pad 1 thru_hole circle (at 6.7 0 180) (size 1 1) (drill 0.5) (layers *.Cu *.Paste *.Mask)
      (net 4 /S3))
    (pad 1 thru_hole circle (at 6.7 -1 180) (size 1 1) (drill 0.5) (layers *.Cu *.Paste *.Mask)
      (net 4 /S3))
    (pad 1 thru_hole circle (at 6.7 1 180) (size 1 1) (drill 0.5) (layers *.Cu *.Paste *.Mask)
      (net 4 /S3))
    (pad 0 thru_hole circle (at 1.27 -5.08) (size 1.6 1.6) (drill 1.1) (layers *.Cu *.Paste *.Mask))
    (pad 0 thru_hole circle (at -1.27 -5.08) (size 1.6 1.6) (drill 1.1) (layers *.Cu *.Paste *.Mask))
  )

  (module cherry_cutout:cherry locked (layer F.Cu) (tedit 5ABD0BC1) (tstamp 5B3B96EB)
    (at 109.5375 35.71875)
    (descr CherryMX_Cutout)
    (tags CherryMX_Cutout)
    (path /5ABB963B)
    (fp_text reference K4 (at 0 4.318) (layer B.SilkS)
      (effects (font (size 1 1) (thickness 0.2)) (justify mirror))
    )
    (fp_text value KEYSW (at 5.334 10.922) (layer B.SilkS) hide
      (effects (font (size 1.524 1.524) (thickness 0.3048)) (justify mirror))
    )
    (fp_line (start 6.59638 7.00024) (end -6.61162 7.00024) (layer Edge.Cuts) (width 0.1))
    (fp_line (start 7.00024 2.15392) (end 7.00024 6.59892) (layer Edge.Cuts) (width 0.1))
    (fp_line (start -7.00278 6.60654) (end -7.00278 2.16154) (layer Edge.Cuts) (width 0.1))
    (fp_line (start -6.20014 6.19762) (end -6.20014 2.16662) (layer Edge.Cuts) (width 0.1))
    (fp_line (start 6.197601 6.20014) (end -6.19252 6.20014) (layer Edge.Cuts) (width 0.1))
    (fp_arc (start 6.607997 6.608774) (end 6.999157 6.624312) (angle 87.9384914) (layer Edge.Cuts) (width 0.1))
    (fp_line (start 6.20014 2.174212) (end 6.20014 6.20014) (layer Edge.Cuts) (width 0.1))
    (fp_arc (start -6.604 6.604) (end -7.00024 6.6167) (angle -88.16422526) (layer Edge.Cuts) (width 0.1))
    (fp_arc (start -6.59892 2.1971) (end -6.20014 2.19202) (angle -179.2701569) (layer Edge.Cuts) (width 0.1))
    (fp_arc (start 6.59892 2.19964) (end 6.9977 2.19456) (angle -179.2701569) (layer Edge.Cuts) (width 0.1))
    (fp_arc (start -6.59892 -2.19964) (end -6.9977 -2.19456) (angle -179.2701569) (layer Edge.Cuts) (width 0.1))
    (fp_arc (start -6.607997 -6.608774) (end -6.999157 -6.624312) (angle 87.9384914) (layer Edge.Cuts) (width 0.1))
    (fp_line (start -7.00024 -2.15392) (end -7.00024 -6.59892) (layer Edge.Cuts) (width 0.1))
    (fp_arc (start 6.59892 -2.1971) (end 6.20014 -2.19202) (angle -179.2701569) (layer Edge.Cuts) (width 0.1))
    (fp_line (start -6.197601 -6.20014) (end 6.19252 -6.20014) (layer Edge.Cuts) (width 0.1))
    (fp_line (start -6.20014 -2.174212) (end -6.20014 -6.20014) (layer Edge.Cuts) (width 0.1))
    (fp_line (start 7.00278 -6.60654) (end 7.00278 -2.16154) (layer Edge.Cuts) (width 0.1))
    (fp_arc (start 6.604 -6.604) (end 7.00024 -6.6167) (angle -88.16422526) (layer Edge.Cuts) (width 0.1))
    (fp_line (start 6.20014 -6.19762) (end 6.20014 -2.16662) (layer Edge.Cuts) (width 0.1))
    (fp_line (start -6.59638 -7.00024) (end 6.61162 -7.00024) (layer Edge.Cuts) (width 0.1))
    (fp_line (start 6.59638 7.00024) (end -6.61162 7.00024) (layer Cmts.User) (width 0.1))
    (fp_line (start 7.00024 2.15392) (end 7.00024 6.59892) (layer Cmts.User) (width 0.1))
    (fp_line (start -7.00278 6.60654) (end -7.00278 2.16154) (layer Cmts.User) (width 0.1))
    (fp_line (start -6.20014 6.19762) (end -6.20014 2.16662) (layer Cmts.User) (width 0.1))
    (fp_line (start 6.197601 6.20014) (end -6.19252 6.20014) (layer Cmts.User) (width 0.1))
    (fp_arc (start 6.607997 6.608774) (end 6.999157 6.624312) (angle 87.9384914) (layer Cmts.User) (width 0.1))
    (fp_line (start 6.20014 2.174212) (end 6.20014 6.20014) (layer Cmts.User) (width 0.1))
    (fp_arc (start -6.604 6.604) (end -7.00024 6.6167) (angle -88.16422526) (layer Cmts.User) (width 0.1))
    (fp_arc (start -6.59892 2.1971) (end -6.20014 2.19202) (angle -179.2701569) (layer Cmts.User) (width 0.1))
    (fp_arc (start 6.59892 2.19964) (end 6.9977 2.19456) (angle -179.2701569) (layer Cmts.User) (width 0.1))
    (fp_arc (start -6.59892 -2.19964) (end -6.9977 -2.19456) (angle -179.2701569) (layer Cmts.User) (width 0.1))
    (fp_arc (start -6.607997 -6.608774) (end -6.999157 -6.624312) (angle 87.9384914) (layer Cmts.User) (width 0.1))
    (fp_line (start -7.00024 -2.15392) (end -7.00024 -6.59892) (layer Cmts.User) (width 0.1))
    (fp_arc (start 6.59892 -2.1971) (end 6.20014 -2.19202) (angle -179.2701569) (layer Cmts.User) (width 0.1))
    (fp_line (start -6.197601 -6.20014) (end 6.19252 -6.20014) (layer Cmts.User) (width 0.1))
    (fp_line (start -6.20014 -2.174212) (end -6.20014 -6.20014) (layer Cmts.User) (width 0.1))
    (fp_line (start 7.00278 -6.60654) (end 7.00278 -2.16154) (layer Cmts.User) (width 0.1))
    (fp_arc (start 6.604 -6.604) (end 7.00024 -6.6167) (angle -88.16422526) (layer Cmts.User) (width 0.1))
    (fp_line (start 6.20014 -6.19762) (end 6.20014 -2.16662) (layer Cmts.User) (width 0.1))
    (fp_line (start -6.59638 -7.00024) (end 6.61162 -7.00024) (layer Cmts.User) (width 0.1))
    (fp_line (start -7.82066 -0.025381) (end -7.82066 -8.16356) (layer F.CrtYd) (width 0.2))
    (fp_line (start -7.82066 -8.1661) (end 7.82066 -8.1661) (layer F.CrtYd) (width 0.2))
    (fp_line (start 7.82066 -8.166104) (end 7.82066 8.161027) (layer F.CrtYd) (width 0.2))
    (fp_line (start 7.82066 8.16356) (end -7.81558 8.16356) (layer F.CrtYd) (width 0.2))
    (fp_line (start -7.81812 8.15848) (end -7.81812 0.0508) (layer F.CrtYd) (width 0.2))
    (fp_line (start 8.99983 -9.00015) (end -9.00019 -9.00015) (layer F.CrtYd) (width 0.2))
    (fp_line (start -9.00019 8.99987) (end -9.00019 -9.00015) (layer F.CrtYd) (width 0.2))
    (fp_line (start 8.99983 8.99987) (end 8.99983 -9.00015) (layer F.CrtYd) (width 0.2))
    (fp_line (start -9.00019 8.99987) (end 8.99983 8.99987) (layer F.CrtYd) (width 0.2))
    (pad 0 thru_hole circle (at -1.27 -5.08) (size 1.6 1.6) (drill 1.1) (layers *.Cu *.Paste *.Mask))
    (pad 0 thru_hole circle (at 1.27 -5.08) (size 1.6 1.6) (drill 1.1) (layers *.Cu *.Paste *.Mask))
    (pad 1 thru_hole circle (at 6.7 1 180) (size 1 1) (drill 0.5) (layers *.Cu *.Paste *.Mask)
      (net 18 /S4))
    (pad 1 thru_hole circle (at 6.7 -1 180) (size 1 1) (drill 0.5) (layers *.Cu *.Paste *.Mask)
      (net 18 /S4))
    (pad 1 thru_hole circle (at 6.7 0 180) (size 1 1) (drill 0.5) (layers *.Cu *.Paste *.Mask)
      (net 18 /S4))
    (pad 0 thru_hole circle (at 0 0) (size 4.3 4.3) (drill 3.9878) (layers *.Cu *.Paste *.Mask))
    (pad 1 thru_hole circle (at 5.08 0) (size 2 2) (drill 1.7018) (layers *.Cu *.Paste *.Mask)
      (net 18 /S4))
    (pad 2 thru_hole circle (at -5.08 0) (size 2 2) (drill 1.7018) (layers *.Cu *.Paste *.Mask)
      (net 16 GND))
    (pad 1 thru_hole circle (at 3.81 2.54) (size 2.5 2.5) (drill 1.4) (layers *.Cu *.Paste *.Mask)
      (net 18 /S4))
    (pad 2 thru_hole oval (at -2.54 4.8768) (size 2.5 1.8) (drill 1.4) (layers *.Cu *.Paste *.Mask)
